1.000000000 0.000000000 0.000000000 0.000000000 0.000000000 1.000000000 0.000000000 0.000000000 0.000000000 0.000000000 1.000000000 0.000000000
0.999992609 -0.002227110 -0.003135305 -0.005398646 0.002223617 0.999996901 -0.001116878 -0.016766675 0.003137782 0.001109898 0.999994457 0.683219314
-1.000061035 0.007812738 0.000000477 0.000061044 -0.000000000 0.000000000 0.000061035 0.000000000 0.007812738 0.999969482 -0.000000002 -0.000000238
-1.000156999 0.008700482 0.000000702 0.000089045 0.000164654 -0.000055087 0.000060696 -0.000000014 0.008752967 0.999965489 -0.000000093 -0.000012379
-1.000367522 0.006112047 0.000000989 0.000125474 0.000333275 -0.000002654 0.000060354 -0.000000042 0.006221724 0.999988854 -0.000000140 -0.000018185
-1.000705719 0.002293358 0.000001292 0.000169957 -0.000411548 -0.000140620 0.000060625 0.000000069 0.002237696 0.999998569 0.000000059 0.000006479
1.000472069 0.000411132 0.000018058 0.000169887 0.000412449 0.000000190 -0.000141506 0.000000069 0.000018058 -0.000141556 1.000000715 0.000006476
1.000472069 0.000411132 0.000018058 0.000169887 0.000412449 0.000000190 -0.000141506 0.000000069 0.000018058 -0.000141556 1.000000715 0.000006476
1.000427008 -0.007229215 0.008921515 0.000177483 0.001393167 -0.000638445 -0.001583166 0.000000256 -0.008840221 0.009801143 0.999912083 -0.000004933
1.000424504 -0.007722863 0.005716008 0.000169307 0.000351241 -0.000980477 -0.003589471 0.000000138 -0.005670242 0.010450089 0.999926627 -0.000020561
1.000473142 -0.002218953 0.001460850 0.000171534 0.000623143 0.000067317 -0.000018479 0.000000107 -0.001423069 -0.000795615 0.999999464 0.000007430
1.000298858 -0.017889993 0.002582039 0.000166192 -0.000058741 -0.000036423 -0.000756600 -0.000000011 -0.002551472 0.000407999 0.999996722 0.000001671
1.000468373 0.003154476 0.001837423 0.000170983 0.000552172 0.000021141 0.000181681 0.000000096 -0.001796454 0.000933960 0.999998987 0.000008994
1.000450492 -0.002948625 0.005822819 0.000169714 0.000393085 -0.000355655 -0.000663397 0.000000066 -0.005779100 0.005461185 0.999968529 0.000002365
1.000385761 -0.008763216 -0.006471238 0.000159941 -0.000866774 -0.000227454 -0.000853990 -0.000000138 0.006558820 0.008099607 0.999945641 0.000000850
-1.000004530 -0.000459543 -0.000000075 -0.000014096 0.000570617 -0.000266929 0.000060853 0.000000012 -0.000470220 1.000005960 -0.000000105 -0.000015630
1.000002861 -0.000570491 0.000003457 -0.000014096 -0.000570601 0.000000397 -0.000267315 0.000000012 0.000003457 -0.000267193 1.000004053 -0.000015630
0.999930859 0.003800875 -0.011545321 -0.000025116 -0.002004108 0.000180883 -0.001918047 0.000000106 0.011520891 0.009368197 0.999896705 -0.000028692
0.999985456 0.001065454 -0.005667354 -0.000008445 0.000156413 -0.000955825 0.000455250 0.000000001 0.005656723 0.014090915 0.999887526 -0.000010084
0.999930501 -0.010220273 -0.006456333 -0.000017830 -0.001059106 -0.000387993 -0.001012383 0.000000042 0.006585729 0.011806562 0.999914050 -0.000021541
0.999881804 -0.015557550 -0.000433242 -0.000013358 -0.000480893 -0.000342252 0.001314640 0.000000003 0.000591440 0.009846885 0.999952674 -0.000003300
0.999995410 -0.001541598 -0.003283072 -0.000007781 0.000228743 -0.000582505 -0.002493390 0.000000083 0.003310422 0.012429489 0.999925196 -0.000033071
0.999959946 0.009050697 0.001690469 -0.000009660 -0.000002309 -0.000233556 0.000973799 -0.000000005 -0.001805025 0.013168518 0.999913573 -0.000005959
1.000002861 -0.000570491 0.000003457 -0.000014096 -0.000570601 0.000000397 -0.000267315 0.000000012 0.000003457 -0.000267193 1.000004053 -0.000015630
0.999983191 -0.002282984 0.005712285 -0.000008564 0.000138274 -0.000080403 -0.000156332 0.000000001 -0.005703076 0.001543562 0.999986410 -0.000014770
-1.000198126 -0.005606584 0.000000748 0.000093336 0.000326231 -0.000354058 0.000061009 -0.000000038 -0.005701604 0.999994576 0.000000186 0.000021003
1.000140548 -0.002029140 0.000877604 0.000093578 -0.000289442 0.000400016 -0.001290126 -0.000000044 -0.000833811 -0.004449029 0.999994040 0.000013688
1.000142694 0.000538680 -0.000655105 0.000093728 -0.000272724 0.000215140 -0.000494659 -0.000000035 0.000718114 -0.001076462 1.000005960 0.000019912
0.999948382 -0.019269381 -0.003953299 0.000092927 -0.000353351 0.000764814 0.001740371 0.000000034 0.003878409 -0.008537298 0.999969602 0.000037316
1.000143170 -0.001465641 -0.000897636 0.000094701 -0.000147850 0.000278264 -0.000589279 -0.000000025 0.000954638 -0.003139362 1.000001073 0.000019168
1.000120044 -0.005929474 -0.001201380 0.000090730 -0.000651822 0.000742938 -0.000264702 -0.000000061 0.001231131 -0.005769993 0.999990046 0.000021672
1.000140190 -0.000897050 -0.000336329 0.000092257 -0.000460523 0.000206842 -0.000754588 -0.000000056 0.000394641 -0.000448214 1.000005841 0.000017882
1.000141263 0.001380736 -0.001347543 0.000093741 -0.000272221 0.000493221 -0.000655540 -0.000000036 0.001410115 -0.001604247 1.000003934 0.000018649
1.000139236 -0.000949823 -0.001124317 0.000091922 -0.000503656 -0.000022864 -0.000272619 -0.000000052 0.001188648 -0.000060847 1.000006676 0.000021646
1.000107050 -0.008098922 -0.003204486 0.000094979 -0.000117534 -0.000176286 -0.001229325 -0.000000028 0.003250341 -0.000962989 0.999998748 0.000014174
-1.000085592 0.002026649 0.000000466 0.000059718 0.000001886 -0.000600662 0.000060988 -0.000000042 0.001824304 1.000114918 0.000000575 0.000069001
1.000033021 -0.006495577 0.000367855 0.000055376 -0.000552000 0.000608224 -0.003998290 -0.000000198 -0.000272125 -0.001230791 1.000044823 0.000042437
0.999983966 -0.009467041 -0.006547207 0.000051296 -0.001095096 -0.000408370 -0.001742583 -0.000000159 0.006735574 0.007624700 1.000015020 0.000059986
0.999937236 -0.008214174 -0.012847666 0.000054623 -0.000677396 -0.000986240 -0.001180995 -0.000000106 0.013081782 0.013444447 0.999896049 0.000064285
0.999893606 -0.011548123 -0.013306262 0.000049822 -0.001297407 -0.000464766 -0.001758413 -0.000000168 0.013547528 0.010995761 0.999914348 0.000059769
1.000058413 -0.000003022 0.000067468 0.000059713 -0.000002556 0.000000360 -0.000600095 -0.000000042 0.000067468 -0.000600634 1.000077486 0.000068996
1.000020146 -0.004469868 -0.006051784 0.000049480 -0.001311071 0.000070553 0.000157747 -0.000000054 0.006192800 0.002782467 1.000061750 0.000074855
1.000057340 -0.001620548 -0.000137843 0.000059827 0.000011601 -0.000148633 -0.000961514 -0.000000063 0.000271673 0.000934922 1.000073671 0.000066171
0.999930978 -0.009607957 -0.012033437 0.000050602 -0.001188230 -0.001385395 -0.000506386 -0.000000081 0.012234762 0.007946094 0.999971926 0.000069528
0.999941647 -0.014220417 -0.004197484 0.000052630 -0.000927995 -0.000904429 -0.001414859 -0.000000130 0.004364392 0.003256297 1.000055194 0.000062574
-1.000283480 -0.000242027 0.000000880 0.000107534 0.000677611 -0.000610735 0.000060951 -0.000000092 -0.000406228 1.000023723 0.000000280 0.000031191
1.000182509 -0.000055702 0.002188186 0.000105343 -0.000953456 0.000131463 -0.000592061 -0.000000119 -0.002079384 0.000615973 1.000013471 0.000031348
1.000186563 0.001798406 -0.001183469 0.000107414 -0.000690234 -0.000084359 -0.000434475 -0.000000088 0.001290648 0.002480541 1.000012636 0.000032555
1.000161886 0.006681805 0.003374663 0.000108046 -0.000608947 0.000150136 -0.000320513 -0.000000076 -0.003290923 0.004598513 1.000001192 0.000033475
1.000178814 0.003091965 -0.001330721 0.000105133 -0.000983216 -0.000045288 -0.001294410 -0.000000137 0.001421471 0.002299985 1.000009060 0.000025833
1.000188947 -0.000312192 0.000184080 0.000107504 -0.000678284 0.000013967 -0.000514077 -0.000000089 -0.000073458 -0.000562455 1.000016093 0.000031942
1.000163913 0.002390505 -0.005531702 0.000103805 -0.001161425 0.000650930 -0.001499069 -0.000000153 0.005635058 -0.004223618 0.999986887 0.000024173
1.000180840 0.001359307 -0.002319669 0.000105082 -0.000990067 0.000221047 -0.000690483 -0.000000125 0.002427414 -0.001015923 1.000011921 0.000030543
1.000193000 0.000138064 0.002145700 0.000110940 -0.000237822 0.000472287 -0.000438315 -0.000000039 -0.002031189 -0.001803515 1.000012875 0.000032531
1.000184536 -0.002518479 -0.000940504 0.000107151 -0.000724119 0.000177574 -0.001170749 -0.000000109 0.001038041 -0.001336750 1.000011683 0.000026803
-1.000337362 0.005823852 0.000001016 0.000120261 0.001283991 -0.000709580 0.000060957 -0.000000163 0.005757384 0.999986231 0.000000129 0.000011066
1.000235081 -0.001287916 0.000020876 0.000120239 -0.001286978 0.000002150 -0.000702032 -0.000000162 0.000020876 -0.000702119 1.000001550 0.000011064
1.000235558 -0.001751669 -0.000112477 0.000120740 -0.001222988 0.000033724 -0.000961374 -0.000000156 0.000148389 -0.001439885 1.000000119 0.000009036
1.000241518 -0.000957448 0.001232234 0.000123440 -0.000876332 0.000152375 -0.000914642 -0.000000117 -0.001193395 -0.001511175 0.999999583 0.000009410
1.000225425 -0.004470796 -0.001418358 0.000120529 -0.001249659 0.000296767 -0.000742897 -0.000000158 0.001455379 -0.001045646 1.000000119 0.000010728
1.000247240 0.000451876 0.000035870 0.000125565 -0.000605893 0.000677045 -0.002078448 -0.000000073 -0.000013860 -0.001929048 0.999997020 0.000000300
1.000236392 -0.001212564 0.000211258 0.000120793 -0.001215967 0.000051328 -0.000698430 -0.000000155 -0.000169453 -0.000914392 1.000001311 0.000011094
1.000238538 -0.001449899 0.003228937 0.000124343 -0.000758273 0.000277675 -0.001055642 -0.000000103 -0.003196775 -0.004513471 0.999985814 0.000008311
0.999965429 -0.016272651 0.018333772 0.000134285 0.000464137 -0.001212243 0.001411742 0.000000118 -0.018277252 -0.001684997 0.999837816 0.000027529
1.000129700 -0.009749436 0.014847122 0.000144361 0.001783481 -0.000535058 0.000676339 0.000000276 -0.014807452 -0.003659075 0.999888361 0.000021644
-1.000335336 0.012535635 0.000001135 0.000130187 0.001955590 -0.000751407 0.000060956 -0.000000296 0.012177600 1.000001550 0.000000478 0.000055613
1.000258088 0.006956334 0.004016046 0.000136520 -0.001145135 0.000196245 -0.001308578 -0.000000223 -0.003818656 0.004978518 1.000026107 0.000051095
1.000232339 0.010521755 -0.000153784 0.000135357 -0.001302532 0.000425740 -0.001607537 -0.000000252 0.000337329 0.003869484 1.000035882 0.000048726
1.000275731 0.003461749 0.001126971 0.000133078 -0.001588311 0.000005798 -0.000873680 -0.000000259 -0.000899495 0.002435765 1.000045776 0.000054462
1.000257492 0.007335451 0.003427840 0.000136452 -0.001157188 0.000300692 -0.000825953 -0.000000202 -0.003192003 0.000662800 1.000044346 0.000054855
1.000263810 0.007314079 0.001805639 0.000137331 -0.001050681 0.000959333 -0.000965590 -0.000000188 -0.001579307 0.001682074 1.000045896 0.000053759
1.000201583 0.010845693 0.008641280 0.000139525 -0.000767472 0.001602214 -0.001688818 -0.000000167 -0.008392278 -0.001873691 1.000005841 0.000048109
1.000180244 0.011334454 0.011209154 0.000143613 -0.000240521 0.001513913 -0.001652258 -0.000000097 -0.010946634 -0.002521900 0.999979973 0.000048360
1.000223517 0.008454042 0.007954508 0.000136652 -0.001141443 0.001364845 -0.000307493 -0.000000158 -0.007675726 -0.003232842 1.000019073 0.000058910
1.000275612 0.002719891 0.001123501 0.000132128 -0.001711161 0.000422828 -0.000723341 -0.000000265 -0.000879860 -0.002173862 1.000047565 0.000055630
0.999997199 0.002983943 0.000000018 0.000009020 0.000845608 0.006111480 0.000061051 0.000000239 0.002972501 -1.000012040 0.000000077 -0.000037810
0.999981403 0.005925582 0.002039864 0.000008798 0.000847237 0.000582868 -0.007519651 0.000000377 -0.001980122 -0.011138274 0.999939024 -0.000048891
0.999886572 0.015076327 -0.001197265 0.000009706 0.000934298 0.000612270 -0.006838865 0.000000309 0.001375922 -0.012243552 0.999927878 -0.000043556
0.999988258 0.005061567 0.000153278 0.000009834 0.000968516 0.000093985 -0.006228928 0.000000251 -0.000121694 -0.007385650 0.999977291 -0.000038752
0.999890804 0.014774882 0.001547637 0.000012033 0.001262319 -0.000132066 -0.006928909 0.000000322 -0.001586119 0.002210613 1.000000000 -0.000044233
0.999944985 0.010423983 -0.001851850 0.000008838 0.000832537 -0.000429415 -0.006725017 0.000000295 0.001773163 0.006968238 0.999978125 -0.000042633
0.999838829 0.016992403 -0.005950959 0.000007088 0.000582758 -0.000346513 -0.006680231 0.000000287 0.005769960 0.010308056 0.999934196 -0.000042271
0.999735475 0.022474630 0.005084166 0.000008193 0.000782832 0.000010852 -0.004913656 0.000000146 -0.005297093 0.009170024 0.999950171 -0.000028501
0.999903619 0.013109631 -0.004750942 0.000004589 0.000269200 -0.000209419 -0.006350206 0.000000254 0.004710141 0.002633132 0.999989927 -0.000039688
0.999970555 0.006235994 -0.004628144 0.000001429 -0.000132683 0.000535922 -0.004646900 0.000000125 0.004601882 0.003150935 0.999991059 -0.000026378
1.000046492 0.001965494 -0.000000534 -0.000046217 0.002812519 0.004910411 0.000061078 -0.000000071 0.002006873 -0.999989569 0.000000204 -0.000012174
1.000027061 0.002822194 0.000023060 -0.000046218 0.002821833 0.000032022 -0.004904839 -0.000000071 0.000023058 -0.004904744 0.999978364 -0.000012174
0.999963820 0.007479353 0.008228160 -0.000041375 0.003479801 0.001419523 -0.005916197 -0.000000007 -0.008163842 -0.002771975 0.999949753 -0.000020326
